=========================================
Cutting Plane ALGORITHM
=========================================

Iteration 0
x1	x2	x3	x4	x5	x6	s1	s2	s3	s4	s5	s6	s7	RHS
-2	-3	-3	-5	-2	-4	0	0	0	0	0	0	0	0
11	8	6	14	10	10	1	0	0	0	0	0	0	40
1	0	0	0	0	0	0	1	0	0	0	0	0	1
0	1	0	0	0	0	0	0	1	0	0	0	0	1
0	0	1	0	0	0	0	0	0	1	0	0	0	1
0	0	0	1	0	0	0	0	0	0	1	0	0	1
0	0	0	0	1	0	0	0	0	0	0	1	0	1
0	0	0	0	0	1	0	0	0	0	0	0	1	1

Iteration 1
x1	x2	x3	x4	x5	x6	s1	s2	s3	s4	s5	s6	s7	RHS
-2	-3	-3	0	-2	-4	0	0	0	0	5	0	0	5
11	8	6	0	10	10	1	0	0	0	-14	0	0	26
1	0	0	0	0	0	0	1	0	0	0	0	0	1
0	1	0	0	0	0	0	0	1	0	0	0	0	1
0	0	1	0	0	0	0	0	0	1	0	0	0	1
0	0	0	1	0	0	0	0	0	0	1	0	0	1
0	0	0	0	1	0	0	0	0	0	0	1	0	1
0	0	0	0	0	1	0	0	0	0	0	0	1	1

Iteration 2
x1	x2	x3	x4	x5	x6	s1	s2	s3	s4	s5	s6	s7	RHS
-2	-3	-3	0	-2	0	0	0	0	0	5	0	4	9
11	8	6	0	10	0	1	0	0	0	-14	0	-10	16
1	0	0	0	0	0	0	1	0	0	0	0	0	1
0	1	0	0	0	0	0	0	1	0	0	0	0	1
0	0	1	0	0	0	0	0	0	1	0	0	0	1
0	0	0	1	0	0	0	0	0	0	1	0	0	1
0	0	0	0	1	0	0	0	0	0	0	1	0	1
0	0	0	0	0	1	0	0	0	0	0	0	1	1

Iteration 3
x1	x2	x3	x4	x5	x6	s1	s2	s3	s4	s5	s6	s7	RHS
-2	0	-3	0	-2	0	0	0	3	0	5	0	4	12
11	0	6	0	10	0	1	0	-8	0	-14	0	-10	8
1	0	0	0	0	0	0	1	0	0	0	0	0	1
0	1	0	0	0	0	0	0	1	0	0	0	0	1
0	0	1	0	0	0	0	0	0	1	0	0	0	1
0	0	0	1	0	0	0	0	0	0	1	0	0	1
0	0	0	0	1	0	0	0	0	0	0	1	0	1
0	0	0	0	0	1	0	0	0	0	0	0	1	1

Iteration 4
x1	x2	x3	x4	x5	x6	s1	s2	s3	s4	s5	s6	s7	RHS
-2	0	0	0	-2	0	0	0	3	3	5	0	4	15
11	0	0	0	10	0	1	0	-8	-6	-14	0	-10	2
1	0	0	0	0	0	0	1	0	0	0	0	0	1
0	1	0	0	0	0	0	0	1	0	0	0	0	1
0	0	1	0	0	0	0	0	0	1	0	0	0	1
0	0	0	1	0	0	0	0	0	0	1	0	0	1
0	0	0	0	1	0	0	0	0	0	0	1	0	1
0	0	0	0	0	1	0	0	0	0	0	0	1	1

Iteration 5
x1	x2	x3	x4	x5	x6	s1	s2	s3	s4	s5	s6	s7	RHS
0	0	0	0	-0,182	0	0,182	0	1,545	1,909	2,455	0	2,182	15,364
1	0	0	0	0,909	0	0,091	0	-0,727	-0,545	-1,273	0	-0,909	0,182
0	0	0	0	-0,909	0	-0,091	1	0,727	0,545	1,273	0	0,909	0,818
0	1	0	0	0	0	0	0	1	0	0	0	0	1
0	0	1	0	0	0	0	0	0	1	0	0	0	1
0	0	0	1	0	0	0	0	0	0	1	0	0	1
0	0	0	0	1	0	0	0	0	0	0	1	0	1
0	0	0	0	0	1	0	0	0	0	0	0	1	1

Iteration 6
x1	x2	x3	x4	x5	x6	s1	s2	s3	s4	s5	s6	s7	RHS
0,2	0	0	0	0	0	0,2	0	1,4	1,8	2,2	0	2	15,4
1,1	0	0	0	1	0	0,1	0	-0,8	-0,6	-1,4	0	-1	0,2
1	0	0	0	0	0	0	1	0	0	0	0	0	1
0	1	0	0	0	0	0	0	1	0	0	0	0	1
0	0	1	0	0	0	0	0	0	1	0	0	0	1
0	0	0	1	0	0	0	0	0	0	1	0	0	1
-1,1	0	0	0	0	0	-0,1	0	0,8	0,6	1,4	1	1	0,8
0	0	0	0	0	1	0	0	0	0	0	0	1	1

Iteration 7
x1	x2	x3	x4	x5	x6	s1	s2	s3	s4	s5	s6	s7	s8	RHS
0,2	0	0	0	0	0	0,2	0	1,4	1,8	2,2	0	2	0	15,4
1,1	0	0	0	1	0	0,1	0	-0,8	-0,6	-1,4	0	-1	0	0,2
1	0	0	0	0	0	0	1	0	0	0	0	0	0	1
0	1	0	0	0	0	0	0	1	0	0	0	0	0	1
0	0	1	0	0	0	0	0	0	1	0	0	0	0	1
0	0	0	1	0	0	0	0	0	0	1	0	0	0	1
-1,1	0	0	0	0	0	-0,1	0	0,8	0,6	1,4	1	1	0	0,8
0	0	0	0	0	1	0	0	0	0	0	0	1	0	1
-0,1	0	0	0	0	0	-0,1	0	-0,2	-0,4	-0,6	0	0	1	-0,2

Iteration 8
x1	x2	x3	x4	x5	x6	s1	s2	s3	s4	s5	s6	s7	s8	RHS
0	0	0	0	0	0	0	0	1	1	1	0	2	2	15
0	0	0	0	1	0	-1	0	-3	-5	-8	0	-1	11	-2
0	0	0	0	0	0	-1	1	-2	-4	-6	0	0	10	-1
0	1	0	0	0	0	0	0	1	0	0	0	0	0	1
0	0	1	0	0	0	0	0	0	1	0	0	0	0	1
0	0	0	1	0	0	0	0	0	0	1	0	0	0	1
0	0	0	0	0	0	1	0	3	5	8	1	1	-11	3
0	0	0	0	0	1	0	0	0	0	0	0	1	0	1
1	0	0	0	0	0	1	0	2	4	6	0	0	-10	2

Iteration 9
x1	x2	x3	x4	x5	x6	s1	s2	s3	s4	s5	s6	s7	s8	RHS
0	0	0	0	0	0	0	0	1	1	1	0	2	2	15
0	0	0	0	-1	0	1	0	3	5	8	0	1	-11	2
0	0	0	0	-1	0	0	1	1	1	2	0	1	-1	1
0	1	0	0	0	0	0	0	1	0	0	0	0	0	1
0	0	1	0	0	0	0	0	0	1	0	0	0	0	1
0	0	0	1	0	0	0	0	0	0	1	0	0	0	1
0	0	0	0	1	0	0	0	0	0	0	1	0	0	1
0	0	0	0	0	1	0	0	0	0	0	0	1	0	1
1	0	0	0	1	0	0	0	-1	-1	-2	0	-1	1	0

Result: Optimal
