=========================================
 REVISED PRIMAL SIMPLEX ALGORITHM
 (Product Form of the Inverse + Price Out)
=========================================

Objective: MAX
Variables: x1, x2, x3, x4, x5, x6, s1, s2, s3, s4, s5, s6, s7
Constraints:
  1: 11x1 + 8x2 + 6x3 + 14x4 + 10x5 + 10x6 + 1s1 <= 40
  2: 1x1 + 1s2 <= 1
  3: 1x2 + 1s3 <= 1
  4: 1x3 + 1s4 <= 1
  5: 1x4 + 1s5 <= 1
  6: 1x5 + 1s6 <= 1
  7: 1x6 + 1s7 <= 1
  All variables >= 0.

----- Iteration 1 -----
Basis: s1, s2, s3, s4, s5, s6, s7
x_B (B^-1 * b): [ 40,000, 1,000, 1,000, 1,000, 1,000, 1,000, 1,000 ]
y = c_B * B^-1  (PRICE OUT step): [ 0,000, 0,000, 0,000, 0,000, 0,000, 0,000, 0,000 ]
Reduced costs:
    x1     : 2
    x2     : 3
    x3     : 3
    x4     : 5
    x5     : 2
    x6     : 4
    s1     : 0
    s2     : 0
    s3     : 0
    s4     : 0
    s5     : 0
    s6     : 0
    s7     : 0
Entering variable: x4
Leaving variable: s5
Eta matrix (Product Form update, B^-1_new = Eta * B^-1_old):
    [     1,000     0,000     0,000     0,000   -14,000     0,000     0,000 ]
    [     0,000     1,000     0,000     0,000     0,000     0,000     0,000 ]
    [     0,000     0,000     1,000     0,000     0,000     0,000     0,000 ]
    [     0,000     0,000     0,000     1,000     0,000     0,000     0,000 ]
    [     0,000     0,000     0,000     0,000     1,000     0,000     0,000 ]
    [     0,000     0,000     0,000     0,000     0,000     1,000     0,000 ]
    [     0,000     0,000     0,000     0,000     0,000     0,000     1,000 ]

Updated B^-1:
    [     1,000     0,000     0,000     0,000   -14,000     0,000     0,000 ]
    [     0,000     1,000     0,000     0,000     0,000     0,000     0,000 ]
    [     0,000     0,000     1,000     0,000     0,000     0,000     0,000 ]
    [     0,000     0,000     0,000     1,000     0,000     0,000     0,000 ]
    [     0,000     0,000     0,000     0,000     1,000     0,000     0,000 ]
    [     0,000     0,000     0,000     0,000     0,000     1,000     0,000 ]
    [     0,000     0,000     0,000     0,000     0,000     0,000     1,000 ]


----- Iteration 2 -----
Basis: s1, s2, s3, s4, x4, s6, s7
x_B (B^-1 * b): [ 26,000, 1,000, 1,000, 1,000, 1,000, 1,000, 1,000 ]
y = c_B * B^-1  (PRICE OUT step): [ 0,000, 0,000, 0,000, 0,000, 5,000, 0,000, 0,000 ]
Reduced costs:
    x1     : 2
    x2     : 3
    x3     : 3
    x4     : 0
    x5     : 2
    x6     : 4
    s1     : 0
    s2     : 0
    s3     : 0
    s4     : 0
    s5     : -5
    s6     : 0
    s7     : 0
Entering variable: x6
Leaving variable: s7
Eta matrix (Product Form update, B^-1_new = Eta * B^-1_old):
    [     1,000     0,000     0,000     0,000     0,000     0,000   -10,000 ]
    [     0,000     1,000     0,000     0,000     0,000     0,000     0,000 ]
    [     0,000     0,000     1,000     0,000     0,000     0,000     0,000 ]
    [     0,000     0,000     0,000     1,000     0,000     0,000     0,000 ]
    [     0,000     0,000     0,000     0,000     1,000     0,000     0,000 ]
    [     0,000     0,000     0,000     0,000     0,000     1,000     0,000 ]
    [     0,000     0,000     0,000     0,000     0,000     0,000     1,000 ]

Updated B^-1:
    [     1,000     0,000     0,000     0,000   -14,000     0,000   -10,000 ]
    [     0,000     1,000     0,000     0,000     0,000     0,000     0,000 ]
    [     0,000     0,000     1,000     0,000     0,000     0,000     0,000 ]
    [     0,000     0,000     0,000     1,000     0,000     0,000     0,000 ]
    [     0,000     0,000     0,000     0,000     1,000     0,000     0,000 ]
    [     0,000     0,000     0,000     0,000     0,000     1,000     0,000 ]
    [     0,000     0,000     0,000     0,000     0,000     0,000     1,000 ]


----- Iteration 3 -----
Basis: s1, s2, s3, s4, x4, s6, x6
x_B (B^-1 * b): [ 16,000, 1,000, 1,000, 1,000, 1,000, 1,000, 1,000 ]
y = c_B * B^-1  (PRICE OUT step): [ 0,000, 0,000, 0,000, 0,000, 5,000, 0,000, 4,000 ]
Reduced costs:
    x1     : 2
    x2     : 3
    x3     : 3
    x4     : 0
    x5     : 2
    x6     : 0
    s1     : 0
    s2     : 0
    s3     : 0
    s4     : 0
    s5     : -5
    s6     : 0
    s7     : -4
Entering variable: x2
Leaving variable: s3
Eta matrix (Product Form update, B^-1_new = Eta * B^-1_old):
    [     1,000     0,000    -8,000     0,000     0,000     0,000     0,000 ]
    [     0,000     1,000     0,000     0,000     0,000     0,000     0,000 ]
    [     0,000     0,000     1,000     0,000     0,000     0,000     0,000 ]
    [     0,000     0,000     0,000     1,000     0,000     0,000     0,000 ]
    [     0,000     0,000     0,000     0,000     1,000     0,000     0,000 ]
    [     0,000     0,000     0,000     0,000     0,000     1,000     0,000 ]
    [     0,000     0,000     0,000     0,000     0,000     0,000     1,000 ]

Updated B^-1:
    [     1,000     0,000    -8,000     0,000   -14,000     0,000   -10,000 ]
    [     0,000     1,000     0,000     0,000     0,000     0,000     0,000 ]
    [     0,000     0,000     1,000     0,000     0,000     0,000     0,000 ]
    [     0,000     0,000     0,000     1,000     0,000     0,000     0,000 ]
    [     0,000     0,000     0,000     0,000     1,000     0,000     0,000 ]
    [     0,000     0,000     0,000     0,000     0,000     1,000     0,000 ]
    [     0,000     0,000     0,000     0,000     0,000     0,000     1,000 ]


----- Iteration 4 -----
Basis: s1, s2, x2, s4, x4, s6, x6
x_B (B^-1 * b): [ 8,000, 1,000, 1,000, 1,000, 1,000, 1,000, 1,000 ]
y = c_B * B^-1  (PRICE OUT step): [ 0,000, 0,000, 3,000, 0,000, 5,000, 0,000, 4,000 ]
Reduced costs:
    x1     : 2
    x2     : 0
    x3     : 3
    x4     : 0
    x5     : 2
    x6     : 0
    s1     : 0
    s2     : 0
    s3     : -3
    s4     : 0
    s5     : -5
    s6     : 0
    s7     : -4
Entering variable: x3
Leaving variable: s4
Eta matrix (Product Form update, B^-1_new = Eta * B^-1_old):
    [     1,000     0,000     0,000    -6,000     0,000     0,000     0,000 ]
    [     0,000     1,000     0,000     0,000     0,000     0,000     0,000 ]
    [     0,000     0,000     1,000     0,000     0,000     0,000     0,000 ]
    [     0,000     0,000     0,000     1,000     0,000     0,000     0,000 ]
    [     0,000     0,000     0,000     0,000     1,000     0,000     0,000 ]
    [     0,000     0,000     0,000     0,000     0,000     1,000     0,000 ]
    [     0,000     0,000     0,000     0,000     0,000     0,000     1,000 ]

Updated B^-1:
    [     1,000     0,000    -8,000    -6,000   -14,000     0,000   -10,000 ]
    [     0,000     1,000     0,000     0,000     0,000     0,000     0,000 ]
    [     0,000     0,000     1,000     0,000     0,000     0,000     0,000 ]
    [     0,000     0,000     0,000     1,000     0,000     0,000     0,000 ]
    [     0,000     0,000     0,000     0,000     1,000     0,000     0,000 ]
    [     0,000     0,000     0,000     0,000     0,000     1,000     0,000 ]
    [     0,000     0,000     0,000     0,000     0,000     0,000     1,000 ]


----- Iteration 5 -----
Basis: s1, s2, x2, x3, x4, s6, x6
x_B (B^-1 * b): [ 2,000, 1,000, 1,000, 1,000, 1,000, 1,000, 1,000 ]
y = c_B * B^-1  (PRICE OUT step): [ 0,000, 0,000, 3,000, 3,000, 5,000, 0,000, 4,000 ]
Reduced costs:
    x1     : 2
    x2     : 0
    x3     : 0
    x4     : 0
    x5     : 2
    x6     : 0
    s1     : 0
    s2     : 0
    s3     : -3
    s4     : -3
    s5     : -5
    s6     : 0
    s7     : -4
Entering variable: x1
Leaving variable: s1
Eta matrix (Product Form update, B^-1_new = Eta * B^-1_old):
    [     0,091     0,000     0,000     0,000     0,000     0,000     0,000 ]
    [    -0,091     1,000     0,000     0,000     0,000     0,000     0,000 ]
    [     0,000     0,000     1,000     0,000     0,000     0,000     0,000 ]
    [     0,000     0,000     0,000     1,000     0,000     0,000     0,000 ]
    [     0,000     0,000     0,000     0,000     1,000     0,000     0,000 ]
    [     0,000     0,000     0,000     0,000     0,000     1,000     0,000 ]
    [     0,000     0,000     0,000     0,000     0,000     0,000     1,000 ]

Updated B^-1:
    [     0,091     0,000    -0,727    -0,545    -1,273     0,000    -0,909 ]
    [    -0,091     1,000     0,727     0,545     1,273     0,000     0,909 ]
    [     0,000     0,000     1,000     0,000     0,000     0,000     0,000 ]
    [     0,000     0,000     0,000     1,000     0,000     0,000     0,000 ]
    [     0,000     0,000     0,000     0,000     1,000     0,000     0,000 ]
    [     0,000     0,000     0,000     0,000     0,000     1,000     0,000 ]
    [     0,000     0,000     0,000     0,000     0,000     0,000     1,000 ]


----- Iteration 6 -----
Basis: x1, s2, x2, x3, x4, s6, x6
x_B (B^-1 * b): [ 0,182, 0,818, 1,000, 1,000, 1,000, 1,000, 1,000 ]
y = c_B * B^-1  (PRICE OUT step): [ 0,182, 0,000, 1,545, 1,909, 2,455, 0,000, 2,182 ]
Reduced costs:
    x1     : 0
    x2     : 0
    x3     : 0
    x4     : 0
    x5     : 0,182
    x6     : 0
    s1     : -0,182
    s2     : 0
    s3     : -1,545
    s4     : -1,909
    s5     : -2,455
    s6     : 0
    s7     : -2,182
Entering variable: x5
Leaving variable: x1
Eta matrix (Product Form update, B^-1_new = Eta * B^-1_old):
    [     1,100     0,000     0,000     0,000     0,000     0,000     0,000 ]
    [     1,000     1,000     0,000     0,000     0,000     0,000     0,000 ]
    [     0,000     0,000     1,000     0,000     0,000     0,000     0,000 ]
    [     0,000     0,000     0,000     1,000     0,000     0,000     0,000 ]
    [     0,000     0,000     0,000     0,000     1,000     0,000     0,000 ]
    [    -1,100     0,000     0,000     0,000     0,000     1,000     0,000 ]
    [     0,000     0,000     0,000     0,000     0,000     0,000     1,000 ]

Updated B^-1:
    [     0,100     0,000    -0,800    -0,600    -1,400     0,000    -1,000 ]
    [     0,000     1,000     0,000     0,000     0,000     0,000     0,000 ]
    [     0,000     0,000     1,000     0,000     0,000     0,000     0,000 ]
    [     0,000     0,000     0,000     1,000     0,000     0,000     0,000 ]
    [     0,000     0,000     0,000     0,000     1,000     0,000     0,000 ]
    [    -0,100     0,000     0,800     0,600     1,400     1,000     1,000 ]
    [     0,000     0,000     0,000     0,000     0,000     0,000     1,000 ]


----- Iteration 7 -----
Basis: x5, s2, x2, x3, x4, s6, x6
x_B (B^-1 * b): [ 0,200, 1,000, 1,000, 1,000, 1,000, 0,800, 1,000 ]
y = c_B * B^-1  (PRICE OUT step): [ 0,200, 0,000, 1,400, 1,800, 2,200, 0,000, 2,000 ]
Reduced costs:
    x1     : -0,2
    x2     : 0
    x3     : 0
    x4     : 0
    x5     : 0
    x6     : 0
    s1     : -0,2
    s2     : 0
    s3     : -1,4
    s4     : -1,8
    s5     : -2,2
    s6     : 0
    s7     : -2
No positive reduced cost remains -> OPTIMAL.

=========================================
 OPTIMAL SOLUTION FOUND
 Z = 15,4
   x1 = 0
   x2 = 1
   x3 = 1
   x4 = 1
   x5 = 0,2
   x6 = 1
=========================================
